57.96 30.789999
27.509998 31.42
73.29 31
89.04 31.42
104.78999 31.21
127.67999 31
142.8 30.789999
158.76 30.789999
174.29999 31.21
197.4 31
212.51999 31.21
228.9 31
244.01999 30.789999
264.38998 30.789999
279.93 30.789999
295.25998 30.789999
324.24 38.349998
339.56998 38.14
354.9 38.14
362.87997 51.789997
347.97 52
332.43 52.21
316.68 51.789997
296.31 51.789997
280.77 51.579998
265.22998 51.37
235.82999 51.579998
212.31 51.789997
197.81999 51.579998
182.28 51.579998
166.53 51.789997
150.36 52.21
135.45 51.789997
120.119995 51.37
104.579994 51.37
88.619995 52
73.29 51.37
58.8 51.579998
42 52
27.509998 51.789997
30.66 67.329998
50.19 66.91
66.15 67.539997
81.479996 67.329998
96.81 67.539997
112.14 66.91
127.259995 67.329998
143.43 66.699997
158.54999 66.91
174.29999 67.12
189.84 67.12
205.37999 66.91
221.12999 67.12
239.81999 66.699997
265.22998 67.329998
280.35 67.12
295.25998 67.329998
316.47 67.329998
332.00998 66.489998
347.75998 67.539997
363.72 74.68
347.12997 82.869995
331.8 82.869995
316.05 82.24
233.73 82.45
208.73999 82.45
193.82999 82.24
177.87 82.24
162.54 82.659996
146.58 82.24
131.45999 82.03
115.28999 82.869995
100.38 83.079994
84.63 82.24
69.509995 82.24
54.6 82.45
32.76 82.24
36.75 97.99
62.16 98.2
77.07 98.409996
93.03 97.78
108.78 97.78
123.479996 97.99
139.65 97.99
155.19 97.78
170.73 97.57
186.48 97.99
201.81 97.99
230.79 97.36
280.35 97.78
316.25998 97.78
332.63998 97.99
347.97 97.78
363.3 105.759995
347.55 112.899994
324.44998 113.32
295.25998 113.53
280.77 113.32
264.38998 113.32
242.76 113.53
222.59999 113.53
203.28 113.10999
183.54 113.10999
125.78999 113.32
67.409996 113.74
48.3 112.899994
28.98 113.10999
NaN NaN
57.96 140.789999
27.509998 141.42000000000002
73.29 141
89.04 141.42000000000002
104.78999 141.21
127.67999 141
142.8 140.789999
158.76 140.789999
174.29999 141.21
197.4 141
212.51999 141.21
228.9 141
244.01999 140.789999
264.38998 140.789999
279.93 140.789999
295.25998 140.789999
324.24 148.349998
339.56998 148.14
354.9 148.14
362.87997 161.789997
347.97 162
332.43 162.21
316.68 161.789997
296.31 161.789997
280.77 161.579998
265.22998 161.37
235.82999 161.579998
212.31 161.789997
197.81999 161.579998
182.28 161.579998
166.53 161.789997
150.36 162.21
135.45 161.789997
120.119995 161.37
104.579994 161.37
88.619995 162
73.29 161.37
58.8 161.579998
42 162
27.509998 161.789997
30.66 177.329998
50.19 176.91
66.15 177.539997
81.479996 177.329998
96.81 177.539997
112.14 176.91
127.259995 177.329998
143.43 176.699997
158.54999 176.91
174.29999 177.12
189.84 177.12
205.37999 176.91
221.12999 177.12
239.81999 176.699997
265.22998 177.329998
280.35 177.12
295.25998 177.329998
316.47 177.329998
332.00998 176.489998
347.75998 177.539997
363.72 184.68
347.12997 192.86999500000002
331.8 192.86999500000002
316.05 192.24
233.73 192.45
208.73999 192.45
193.82999 192.24
177.87 192.24
162.54 192.659996
146.58 192.24
131.45999 192.03
115.28999 192.86999500000002
100.38 193.079994
84.63 192.24
69.509995 192.24
54.6 192.45
32.76 192.24
36.75 207.99
62.16 208.2
77.07 208.409996
93.03 207.78
108.78 207.78
123.479996 207.99
139.65 207.99
155.19 207.78
170.73 207.57
186.48 207.99
201.81 207.99
230.79 207.36
280.35 207.78
316.25998 207.78
332.63998 207.99
347.97 207.78
363.3 215.759995
347.55 222.899994
324.44998 223.32
295.25998 223.53
280.77 223.32
264.38998 223.32
242.76 223.53
222.59999 223.53
203.28 223.10998999999998
183.54 223.10998999999998
125.78999 223.32
67.409996 223.74
48.3 222.899994
28.98 223.10998999999998
NaN NaN
791.96 33.789999
761.509998 34.42
807.29 34
823.04 34.42
838.78999 34.21
861.67999 34
876.8 33.789999
892.76 33.789999
908.29999 34.21
931.4 34
946.51999 34.21
962.9 34
978.01999 33.789999
998.3899799999999 33.789999
1013.9300000000001 33.789999
1029.25998 33.789999
1058.24 41.349998
1073.56998 41.14
1088.9 41.14
1096.87997 54.789997
1081.97 55
1066.43 55.21
1050.68 54.789997
1030.31 54.789997
1014.77 54.579998
999.2299800000001 54.37
969.82999 54.579998
946.31 54.789997
931.81999 54.579998
916.28 54.579998
900.53 54.789997
884.36 55.21
869.45 54.789997
854.119995 54.37
838.5799939999999 54.37
822.619995 55
807.29 54.37
792.8 54.579998
776 55
761.509998 54.789997
764.66 70.329998
784.19 69.91
800.15 70.539997
815.479996 70.329998
830.81 70.539997
846.14 69.91
861.259995 70.329998
877.4300000000001 69.699997
892.54999 69.91
908.29999 70.12
923.84 70.12
939.37999 69.91
955.12999 70.12
973.81999 69.699997
999.2299800000001 70.329998
1014.35 70.12
1029.25998 70.329998
1050.47 70.329998
1066.00998 69.489998
1081.75998 70.539997
1097.72 77.68
1081.12997 85.869995
1065.8 85.869995
1050.05 85.24
967.73 85.45
942.73999 85.45
927.82999 85.24
911.87 85.24
896.54 85.659996
880.58 85.24
865.4599900000001 85.03
849.28999 85.869995
834.38 86.079994
818.63 85.24
803.509995 85.24
788.6 85.45
766.76 85.24
770.75 100.99
796.16 101.2
811.0699999999999 101.409996
827.03 100.78
842.78 100.78
857.479996 100.99
873.65 100.99
889.19 100.78
904.73 100.57
920.48 100.99
935.81 100.99
964.79 100.36
1014.35 100.78
1050.25998 100.78
1066.63998 100.99
1081.97 100.78
1097.3 108.759995
1081.55 115.899994
1058.4499799999999 116.32
1029.25998 116.53
1014.77 116.32
998.3899799999999 116.32
976.76 116.53
956.5999899999999 116.53
937.28 116.10999
917.54 116.10999
859.78999 116.32
801.409996 116.74
782.3 115.899994
762.98 116.10999
NaN NaN
427.96 30.789999
397.509998 31.42
443.29 31
459.04 31.42
474.78999 31.21
497.67999 31
512.8 30.789999
528.76 30.789999
544.29999 31.21
567.4 31
582.51999 31.21
598.9 31
614.01999 30.789999
634.3899799999999 30.789999
649.9300000000001 30.789999
665.25998 30.789999
694.24 38.349998
709.56998 38.14
724.9 38.14
732.87997 51.789997
717.97 52
702.4300000000001 52.21
686.6800000000001 51.789997
666.31 51.789997
650.77 51.579998
635.2299800000001 51.37
605.82999 51.579998
582.31 51.789997
567.81999 51.579998
552.28 51.579998
536.53 51.789997
520.36 52.21
505.45 51.789997
490.119995 51.37
474.579994 51.37
458.619995 52
443.29 51.37
428.8 51.579998
412 52
397.509998 51.789997
400.66 67.329998
420.19 66.91
436.15 67.539997
451.479996 67.329998
466.81 67.539997
482.14 66.91
497.259995 67.329998
513.4300000000001 66.699997
528.54999 66.91
544.29999 67.12
559.84 67.12
575.37999 66.91
591.12999 67.12
609.81999 66.699997
635.2299800000001 67.329998
650.35 67.12
665.25998 67.329998
686.47 67.329998
702.00998 66.489998
717.75998 67.539997
733.72 74.68
717.12997 82.869995
701.8 82.869995
686.05 82.24
603.73 82.45
578.73999 82.45
563.82999 82.24
547.87 82.24
532.54 82.659996
516.58 82.24
501.45999 82.03
485.28999 82.869995
470.38 83.079994
454.63 82.24
439.509995 82.24
424.6 82.45
402.76 82.24
406.75 97.99
432.15999999999997 98.2
447.07 98.409996
463.03 97.78
478.78 97.78
493.479996 97.99
509.65 97.99
525.19 97.78
540.73 97.57
556.48 97.99
571.81 97.99
600.79 97.36
650.35 97.78
686.25998 97.78
702.6399799999999 97.99
717.97 97.78
733.3 105.759995
717.55 112.899994
694.44998 113.32
665.25998 113.53
650.77 113.32
634.3899799999999 113.32
612.76 113.53
592.5999899999999 113.53
573.28 113.10999
553.54 113.10999
495.78999 113.32
437.409996 113.74
418.3 112.899994
398.98 113.10999
NaN NaN
427.96 140.789999
397.509998 141.42000000000002
443.29 141
459.04 141.42000000000002
474.78999 141.21
497.67999 141
512.8 140.789999
528.76 140.789999
544.29999 141.21
567.4 141
582.51999 141.21
598.9 141
614.01999 140.789999
634.3899799999999 140.789999
649.9300000000001 140.789999
665.25998 140.789999
694.24 148.349998
709.56998 148.14
724.9 148.14
732.87997 161.789997
717.97 162
702.4300000000001 162.21
686.6800000000001 161.789997
666.31 161.789997
650.77 161.579998
635.2299800000001 161.37
605.82999 161.579998
582.31 161.789997
567.81999 161.579998
552.28 161.579998
536.53 161.789997
520.36 162.21
505.45 161.789997
490.119995 161.37
474.579994 161.37
458.619995 162
443.29 161.37
428.8 161.579998
412 162
397.509998 161.789997
400.66 177.329998
420.19 176.91
436.15 177.539997
451.479996 177.329998
466.81 177.539997
482.14 176.91
497.259995 177.329998
513.4300000000001 176.699997
528.54999 176.91
544.29999 177.12
559.84 177.12
575.37999 176.91
591.12999 177.12
609.81999 176.699997
635.2299800000001 177.329998
650.35 177.12
665.25998 177.329998
686.47 177.329998
702.00998 176.489998
717.75998 177.539997
733.72 184.68
717.12997 192.86999500000002
701.8 192.86999500000002
686.05 192.24
603.73 192.45
578.73999 192.45
563.82999 192.24
547.87 192.24
532.54 192.659996
516.58 192.24
501.45999 192.03
485.28999 192.86999500000002
470.38 193.079994
454.63 192.24
439.509995 192.24
424.6 192.45
402.76 192.24
406.75 207.99
432.15999999999997 208.2
447.07 208.409996
463.03 207.78
478.78 207.78
493.479996 207.99
509.65 207.99
525.19 207.78
540.73 207.57
556.48 207.99
571.81 207.99
600.79 207.36
650.35 207.78
686.25998 207.78
702.6399799999999 207.99
717.97 207.78
733.3 215.759995
717.55 222.899994
694.44998 223.32
665.25998 223.53
650.77 223.32
634.3899799999999 223.32
612.76 223.53
592.5999899999999 223.53
573.28 223.10998999999998
553.54 223.10998999999998
495.78999 223.32
437.409996 223.74
418.3 222.899994
398.98 223.10998999999998
NaN NaN
784.96 138.789999
754.509998 139.42000000000002
800.29 139
816.04 139.42000000000002
831.78999 139.21
854.67999 139
869.8 138.789999
885.76 138.789999
901.29999 139.21
924.4 139
939.51999 139.21
955.9 139
971.01999 138.789999
991.3899799999999 138.789999
1006.9300000000001 138.789999
1022.25998 138.789999
1051.24 146.349998
1066.56998 146.14
1081.9 146.14
1089.87997 159.789997
1074.97 160
1059.43 160.21
1043.68 159.789997
1023.31 159.789997
1007.77 159.579998
992.2299800000001 159.37
962.82999 159.579998
939.31 159.789997
924.81999 159.579998
909.28 159.579998
893.53 159.789997
877.36 160.21
862.45 159.789997
847.119995 159.37
831.5799939999999 159.37
815.619995 160
800.29 159.37
785.8 159.579998
769 160
754.509998 159.789997
757.66 175.329998
777.19 174.91
793.15 175.539997
808.479996 175.329998
823.81 175.539997
839.14 174.91
854.259995 175.329998
870.4300000000001 174.699997
885.54999 174.91
901.29999 175.12
916.84 175.12
932.37999 174.91
948.12999 175.12
966.81999 174.699997
992.2299800000001 175.329998
1007.35 175.12
1022.25998 175.329998
1043.47 175.329998
1059.00998 174.489998
1074.75998 175.539997
1090.72 182.68
1074.12997 190.86999500000002
1058.8 190.86999500000002
1043.05 190.24
960.73 190.45
935.73999 190.45
920.82999 190.24
904.87 190.24
889.54 190.659996
873.58 190.24
858.4599900000001 190.03
842.28999 190.86999500000002
827.38 191.079994
811.63 190.24
796.509995 190.24
781.6 190.45
759.76 190.24
763.75 205.99
789.16 206.2
804.0699999999999 206.409996
820.03 205.78
835.78 205.78
850.479996 205.99
866.65 205.99
882.19 205.78
897.73 205.57
913.48 205.99
928.81 205.99
957.79 205.36
1007.35 205.78
1043.25998 205.78
1059.63998 205.99
1074.97 205.78
1090.3 213.759995
1074.55 220.899994
1051.4499799999999 221.32
1022.25998 221.53
1007.77 221.32
991.3899799999999 221.32
969.76 221.53
949.5999899999999 221.53
930.28 221.10998999999998
910.54 221.10998999999998
852.78999 221.32
794.409996 221.74
775.3 220.899994
755.98 221.10998999999998
NaN NaN