57.96 30.789999
27.509998 31.42
73.29 31
89.04 31.42
104.78999 31.21
127.67999 31
142.8 30.789999
158.76 30.789999
174.29999 31.21
197.4 31
212.51999 31.21
228.9 31
244.01999 30.789999
264.38998 30.789999
279.93 30.789999
295.25998 30.789999
324.24 38.349998
339.56998 38.14
354.9 38.14
362.87997 51.789997
347.97 52
332.43 52.21
316.68 51.789997
296.31 51.789997
280.77 51.579998
265.22998 51.37
235.82999 51.579998
212.31 51.789997
197.81999 51.579998
182.28 51.579998
166.53 51.789997
150.36 52.21
135.45 51.789997
120.119995 51.37
104.579994 51.37
88.619995 52
73.29 51.37
58.8 51.579998
42 52
27.509998 51.789997
30.66 67.329998
50.19 66.91
66.15 67.539997
81.479996 67.329998
96.81 67.539997
112.14 66.91
127.259995 67.329998
143.43 66.699997
158.54999 66.91
174.29999 67.12
189.84 67.12
205.37999 66.91
221.12999 67.12
239.81999 66.699997
265.22998 67.329998
280.35 67.12
295.25998 67.329998
316.47 67.329998
332.00998 66.489998
347.75998 67.539997
363.72 74.68
347.12997 82.869995
331.8 82.869995
316.05 82.24
233.73 82.45
208.73999 82.45
193.82999 82.24
177.87 82.24
162.54 82.659996
146.58 82.24
131.45999 82.03
115.28999 82.869995
100.38 83.079994
84.63 82.24
69.509995 82.24
54.6 82.45
32.76 82.24
36.75 97.99
62.16 98.2
77.07 98.409996
93.03 97.78
108.78 97.78
123.479996 97.99
139.65 97.99
155.19 97.78
170.73 97.57
186.48 97.99
201.81 97.99
230.79 97.36
280.35 97.78
316.25998 97.78
332.63998 97.99
347.97 97.78
363.3 105.759995
347.55 112.899994
324.44998 113.32
295.25998 113.53
280.77 113.32
264.38998 113.32
242.76 113.53
222.59999 113.53
203.28 113.10999
183.54 113.10999
125.78999 113.32
67.409996 113.74
48.3 112.899994
28.98 113.10999
57.96 140.789999
27.509998 141.42000000000002
73.29 141
89.04 141.42000000000002
104.78999 141.21
127.67999 141
142.8 140.789999
158.76 140.789999
174.29999 141.21
197.4 141
212.51999 141.21
228.9 141
244.01999 140.789999
264.38998 140.789999
279.93 140.789999
295.25998 140.789999
324.24 148.349998
339.56998 148.14
354.9 148.14
362.87997 161.789997
347.97 162
332.43 162.21
316.68 161.789997
296.31 161.789997
280.77 161.579998
265.22998 161.37
235.82999 161.579998
212.31 161.789997
197.81999 161.579998
182.28 161.579998
166.53 161.789997
150.36 162.21
135.45 161.789997
120.119995 161.37
104.579994 161.37
88.619995 162
73.29 161.37
58.8 161.579998
42 162
27.509998 161.789997
30.66 177.329998
50.19 176.91
66.15 177.539997
81.479996 177.329998
96.81 177.539997
112.14 176.91
127.259995 177.329998
143.43 176.699997
158.54999 176.91
174.29999 177.12
189.84 177.12
205.37999 176.91
221.12999 177.12
239.81999 176.699997
265.22998 177.329998
280.35 177.12
295.25998 177.329998
316.47 177.329998
332.00998 176.489998
347.75998 177.539997
363.72 184.68
347.12997 192.86999500000002
331.8 192.86999500000002
316.05 192.24
233.73 192.45
208.73999 192.45
193.82999 192.24
177.87 192.24
162.54 192.659996
146.58 192.24
131.45999 192.03
115.28999 192.86999500000002
100.38 193.079994
84.63 192.24
69.509995 192.24
54.6 192.45
32.76 192.24
36.75 207.99
62.16 208.2
77.07 208.409996
93.03 207.78
108.78 207.78
123.479996 207.99
139.65 207.99
155.19 207.78
170.73 207.57
186.48 207.99
201.81 207.99
230.79 207.36
280.35 207.78
316.25998 207.78
332.63998 207.99
347.97 207.78
363.3 215.759995
347.55 222.899994
324.44998 223.32
295.25998 223.53
280.77 223.32
264.38998 223.32
242.76 223.53
222.59999 223.53
203.28 223.10998999999998
183.54 223.10998999999998
125.78999 223.32
67.409996 223.74
48.3 222.899994
28.98 223.10998999999998
336.96 30.789999
306.509998 31.42
352.29 31
368.04 31.42
383.78999 31.21
406.67999 31
421.8 30.789999
437.76 30.789999
453.29999 31.21
476.4 31
491.51999 31.21
507.9 31
523.01999 30.789999
543.3899799999999 30.789999
558.9300000000001 30.789999
574.25998 30.789999
603.24 38.349998
618.56998 38.14
633.9 38.14
641.87997 51.789997
626.97 52
611.4300000000001 52.21
595.6800000000001 51.789997
575.31 51.789997
559.77 51.579998
544.2299800000001 51.37
514.82999 51.579998
491.31 51.789997
476.81998999999996 51.579998
461.28 51.579998
445.53 51.789997
429.36 52.21
414.45 51.789997
399.119995 51.37
383.579994 51.37
367.619995 52
352.29 51.37
337.8 51.579998
321 52
306.509998 51.789997
309.66 67.329998
329.19 66.91
345.15 67.539997
360.479996 67.329998
375.81 67.539997
391.14 66.91
406.259995 67.329998
422.43 66.699997
437.54999 66.91
453.29999 67.12
468.84000000000003 67.12
484.37999 66.91
500.12999 67.12
518.81999 66.699997
544.2299800000001 67.329998
559.35 67.12
574.25998 67.329998
595.47 67.329998
611.00998 66.489998
626.75998 67.539997
642.72 74.68
626.12997 82.869995
610.8 82.869995
595.05 82.24
512.73 82.45
487.73999000000003 82.45
472.82999 82.24
456.87 82.24
441.53999999999996 82.659996
425.58000000000004 82.24
410.45999 82.03
394.28999 82.869995
379.38 83.079994
363.63 82.24
348.509995 82.24
333.6 82.45
311.76 82.24
315.75 97.99
341.15999999999997 98.2
356.07 98.409996
372.03 97.78
387.78 97.78
402.479996 97.99
418.65 97.99
434.19 97.78
449.73 97.57
465.48 97.99
480.81 97.99
509.78999999999996 97.36
559.35 97.78
595.25998 97.78
611.6399799999999 97.99
626.97 97.78
642.3 105.759995
626.55 112.899994
603.44998 113.32
574.25998 113.53
559.77 113.32
543.3899799999999 113.32
521.76 113.53
501.59999 113.53
482.28 113.10999
462.53999999999996 113.10999
404.78999 113.32
346.409996 113.74
327.3 112.899994
307.98 113.10999
363.96 135.789999
333.509998 136.42000000000002
379.29 136
395.04 136.42000000000002
410.78999 136.21
433.67999 136
448.8 135.789999
464.76 135.789999
480.29999 136.21
503.4 136
518.51999 136.21
534.9 136
550.01999 135.789999
570.3899799999999 135.789999
585.9300000000001 135.789999
601.25998 135.789999
630.24 143.349998
645.56998 143.14
660.9 143.14
668.87997 156.789997
653.97 157
638.4300000000001 157.21
622.6800000000001 156.789997
602.31 156.789997
586.77 156.579998
571.2299800000001 156.37
541.82999 156.579998
518.31 156.789997
503.81998999999996 156.579998
488.28 156.579998
472.53 156.789997
456.36 157.21
441.45 156.789997
426.119995 156.37
410.579994 156.37
394.619995 157
379.29 156.37
364.8 156.579998
348 157
333.509998 156.789997
336.66 172.329998
356.19 171.91
372.15 172.539997
387.479996 172.329998
402.81 172.539997
418.14 171.91
433.259995 172.329998
449.43 171.699997
464.54999 171.91
480.29999 172.12
495.84000000000003 172.12
511.37999 171.91
527.12999 172.12
545.81999 171.699997
571.2299800000001 172.329998
586.35 172.12
601.25998 172.329998
622.47 172.329998
638.00998 171.489998
653.75998 172.539997
669.72 179.68
653.12997 187.86999500000002
637.8 187.86999500000002
622.05 187.24
539.73 187.45
514.73999 187.45
499.82999 187.24
483.87 187.24
468.53999999999996 187.659996
452.58000000000004 187.24
437.45999 187.03
421.28999 187.86999500000002
406.38 188.079994
390.63 187.24
375.509995 187.24
360.6 187.45
338.76 187.24
342.75 202.99
368.15999999999997 203.2
383.07 203.409996
399.03 202.78
414.78 202.78
429.479996 202.99
445.65 202.99
461.19 202.78
476.73 202.57
492.48 202.99
507.81 202.99
536.79 202.36
586.35 202.78
622.25998 202.78
638.6399799999999 202.99
653.97 202.78
669.3 210.759995
653.55 217.899994
630.44998 218.32
601.25998 218.53
586.77 218.32
570.3899799999999 218.32
548.76 218.53
528.5999899999999 218.53
509.28 218.10998999999998
489.53999999999996 218.10998999999998
431.78999 218.32
373.409996 218.74
354.3 217.899994
334.98 218.10998999999998
713.96 52.789999
683.509998 53.42
729.29 53
745.04 53.42
760.78999 53.21
783.67999 53
798.8 52.789999
814.76 52.789999
830.29999 53.21
853.4 53
868.51999 53.21
884.9 53
900.01999 52.789999
920.3899799999999 52.789999
935.9300000000001 52.789999
951.25998 52.789999
980.24 60.349998
995.56998 60.14
1010.9 60.14
1018.87997 73.789997
1003.97 74
988.4300000000001 74.21000000000001
972.6800000000001 73.789997
952.31 73.789997
936.77 73.579998
921.2299800000001 73.37
891.82999 73.579998
868.31 73.789997
853.81999 73.579998
838.28 73.579998
822.53 73.789997
806.36 74.21000000000001
791.45 73.789997
776.119995 73.37
760.5799939999999 73.37
744.619995 74
729.29 73.37
714.8 73.579998
698 74
683.509998 73.789997
686.66 89.329998
706.19 88.91
722.15 89.539997
737.479996 89.329998
752.81 89.539997
768.14 88.91
783.259995 89.329998
799.4300000000001 88.699997
814.54999 88.91
830.29999 89.12
845.84 89.12
861.37999 88.91
877.12999 89.12
895.81999 88.699997
921.2299800000001 89.329998
936.35 89.12
951.25998 89.329998
972.47 89.329998
988.00998 88.489998
1003.75998 89.539997
1019.72 96.68
1003.12997 104.869995
987.8 104.869995
972.05 104.24
889.73 104.45
864.73999 104.45
849.82999 104.24
833.87 104.24
818.54 104.659996
802.58 104.24
787.4599900000001 104.03
771.28999 104.869995
756.38 105.079994
740.63 104.24
725.509995 104.24
710.6 104.45
688.76 104.24
692.75 119.99
718.16 120.2
733.0699999999999 120.409996
749.03 119.78
764.78 119.78
779.479996 119.99
795.65 119.99
811.19 119.78
826.73 119.57
842.48 119.99
857.81 119.99
886.79 119.36
936.35 119.78
972.25998 119.78
988.6399799999999 119.99
1003.97 119.78
1019.3 127.759995
1003.55 134.899994
980.44998 135.32
951.25998 135.53
936.77 135.32
920.3899799999999 135.32
898.76 135.53
878.5999899999999 135.53
859.28 135.10998999999998
839.54 135.10998999999998
781.78999 135.32
723.409996 135.74
704.3 134.899994
684.98 135.10998999999998
732.96 132.789999
702.509998 133.42000000000002
748.29 133
764.04 133.42000000000002
779.78999 133.21
802.67999 133
817.8 132.789999
833.76 132.789999
849.29999 133.21
872.4 133
887.51999 133.21
903.9 133
919.01999 132.789999
939.3899799999999 132.789999
954.9300000000001 132.789999
970.25998 132.789999
999.24 140.349998
1014.56998 140.14
1029.9 140.14
1037.87997 153.789997
1022.97 154
1007.4300000000001 154.21
991.6800000000001 153.789997
971.31 153.789997
955.77 153.579998
940.2299800000001 153.37
910.82999 153.579998
887.31 153.789997
872.81999 153.579998
857.28 153.579998
841.53 153.789997
825.36 154.21
810.45 153.789997
795.119995 153.37
779.5799939999999 153.37
763.619995 154
748.29 153.37
733.8 153.579998
717 154
702.509998 153.789997
705.66 169.329998
725.19 168.91
741.15 169.539997
756.479996 169.329998
771.81 169.539997
787.14 168.91
802.259995 169.329998
818.4300000000001 168.699997
833.54999 168.91
849.29999 169.12
864.84 169.12
880.37999 168.91
896.12999 169.12
914.81999 168.699997
940.2299800000001 169.329998
955.35 169.12
970.25998 169.329998
991.47 169.329998
1007.00998 168.489998
1022.75998 169.539997
1038.72 176.68
1022.12997 184.86999500000002
1006.8 184.86999500000002
991.05 184.24
908.73 184.45
883.73999 184.45
868.82999 184.24
852.87 184.24
837.54 184.659996
821.58 184.24
806.4599900000001 184.03
790.28999 184.86999500000002
775.38 185.079994
759.63 184.24
744.509995 184.24
729.6 184.45
707.76 184.24
711.75 199.99
737.16 200.2
752.0699999999999 200.409996
768.03 199.78
783.78 199.78
798.479996 199.99
814.65 199.99
830.19 199.78
845.73 199.57
861.48 199.99
876.81 199.99
905.79 199.36
955.35 199.78
991.25998 199.78
1007.6399799999999 199.99
1022.97 199.78
1038.3 207.759995
1022.55 214.899994
999.44998 215.32
970.25998 215.53
955.77 215.32
939.3899799999999 215.32
917.76 215.53
897.5999899999999 215.53
878.28 215.10998999999998
858.54 215.10998999999998
800.78999 215.32
742.409996 215.74
723.3 214.899994
703.98 215.10998999999998