57.96 20.789999
27.509998 21.42
73.29 21.0
89.04 21.42
104.78999 21.21
127.67999 21.0
142.8 20.789999
158.76 20.789999
174.29999 21.21
197.4 21.0
212.51999 21.21
228.9 21.0
244.01999 20.789999
264.38998 20.789999
279.93 20.789999
295.25998 20.789999
324.24 28.349998
339.56998 28.14
354.9 28.14
362.87997 41.789997
347.97 42.0
332.43 42.21
316.68 41.789997
296.31 41.789997
280.77 41.579998
265.22998 41.37
235.82999 41.579998
212.31 41.789997
197.81999 41.579998
182.28 41.579998
166.53 41.789997
150.36 42.21
135.45 41.789997
120.119995 41.37
104.579994 41.37
88.619995 42.0
73.29 41.37
58.8 41.579998
42.0 42.0
27.509998 41.789997
30.66 57.329998
50.19 56.91
66.15 57.539997
81.479996 57.329998
96.81 57.539997
112.14 56.91
127.259995 57.329998
143.43 56.699997
158.54999 56.91
174.29999 57.12
189.84 57.12
205.37999 56.91
221.12999 57.12
239.81999 56.699997
265.22998 57.329998
280.35 57.12
295.25998 57.329998
316.47 57.329998
332.00998 56.489998
347.75998 57.539997
363.72 64.68
347.12997 72.869995
331.8 72.869995
316.05 72.24
233.73 72.45
208.73999 72.45
193.82999 72.24
177.87 72.24
162.54 72.659996
146.58 72.24
131.45999 72.03
115.28999 72.869995
100.38 73.079994
84.63 72.24
69.509995 72.24
54.6 72.45
32.76 72.24
36.75 87.99
62.16 88.2
77.07 88.409996
93.03 87.78
108.78 87.78
123.479996 87.99
139.65 87.99
155.19 87.78
170.73 87.57
186.48 87.99
201.81 87.99
230.79 87.36
280.35 87.78
316.25998 87.78
332.63998 87.99
347.97 87.78
363.3 95.759995
347.55 102.899994
324.44998 103.32
295.25998 103.53
280.77 103.32
264.38998 103.32
242.76 103.53
222.59999 103.53
203.28 103.10999
183.54 103.10999
125.78999 103.32
67.409996 103.74
48.3 102.899994
28.98 103.10999
384.50998 21.42
414.96 20.789999
430.28998 21.0
446.03998 21.42
461.78998 21.21
484.68 21.0
499.8 20.789999
515.76 20.789999
531.3 21.21
554.39996 21.0
569.51996 21.21
585.89996 21.0
601.01996 20.789999
621.38995 20.789999
636.93 20.789999
652.26 20.789999
681.24 28.349998
696.57 28.14
711.89996 28.14
719.88 41.789997
704.97 42.0
689.43 42.21
673.68 41.789997
653.31 41.789997
637.76996 41.579998
622.23 41.37
592.82996 41.579998
569.31 41.789997
554.82 41.579998
539.27997 41.579998
523.52997 41.789997
507.36 42.21
492.44998 41.789997
477.12 41.37
461.58 41.37
445.62 42.0
430.28998 41.37
415.8 41.579998
399.0 42.0
384.50998 41.789997
387.65997 57.329998
407.19 56.91
423.15 57.539997
438.47998 57.329998
453.81 57.539997
469.13998 56.91
484.25998 57.329998
500.43 56.699997
515.55 56.91
531.3 57.12
546.83997 57.12
562.38 56.91
578.13 57.12
596.82 56.699997
622.23 57.329998
637.35 57.12
652.26 57.329998
673.47 57.329998
689.00995 56.489998
704.75995 57.539997
720.72 64.68
704.13 72.869995
688.8 72.869995
673.05 72.24
590.73 72.45
565.74 72.45
550.82996 72.24
534.87 72.24
519.54 72.659996
503.58 72.24
488.46 72.03
472.28998 72.869995
457.37997 73.079994
441.62997 72.24
426.50998 72.24
411.59998 72.45
389.75998 72.24
393.75 87.99
419.15997 88.2
434.06998 88.409996
450.03 87.78
465.78 87.78
480.47998 87.99
496.65 87.99
512.19 87.78
527.73 87.57
543.48 87.99
558.81 87.99
587.79 87.36
637.35 87.78
673.25995 87.78
689.63995 87.99
704.97 87.78
720.3 95.759995
704.55 102.899994
681.44995 103.32
652.26 103.53
637.76996 103.32
621.38995 103.32
599.76 103.53
579.6 103.53
560.27997 103.10999
540.54 103.10999
482.78998 103.32
424.40997 103.74
405.3 102.899994
385.97998 103.10999
384.50998 115.92
414.96 115.28999
430.28998 115.5
446.03998 115.92
461.78998 115.71
484.68 115.5
499.8 115.28999
515.76 115.28999
531.3 115.71
554.39996 115.5
569.51996 115.71
585.89996 115.5
601.01996 115.28999
621.38995 115.28999
636.93 115.28999
652.26 115.28999
681.24 122.85
696.57 122.64
711.89996 122.64
719.88 136.29
704.97 136.5
689.43 136.70999
673.68 136.29
653.31 136.29
637.76996 136.08
622.23 135.87
592.82996 136.08
569.31 136.29
554.82 136.08
539.27997 136.08
523.52997 136.29
507.36 136.70999
492.44998 136.29
477.12 135.87
461.58 135.87
445.62 136.5
430.28998 135.87
415.8 136.08
399.0 136.5
384.50998 136.29
387.65997 151.83
407.19 151.40999
423.15 152.04
438.47998 151.83
453.81 152.04
469.13998 151.40999
484.25998 151.83
500.43 151.2
515.55 151.40999
531.3 151.62
546.83997 151.62
562.38 151.40999
578.13 151.62
596.82 151.2
622.23 151.83
637.35 151.62
652.26 151.83
673.47 151.83
689.00995 150.98999
704.75995 152.04
720.72 159.18
704.13 167.37
688.8 167.37
673.05 166.73999
590.73 166.95
565.74 166.95
550.82996 166.73999
534.87 166.73999
519.54 167.15999
503.58 166.73999
488.46 166.53
472.28998 167.37
457.37997 167.58
441.62997 166.73999
426.50998 166.73999
411.59998 166.95
389.75998 166.73999
393.75 182.48999
419.15997 182.7
434.06998 182.90999
450.03 182.28
465.78 182.28
480.47998 182.48999
496.65 182.48999
512.19 182.28
527.73 182.06999
543.48 182.48999
558.81 182.48999
587.79 181.86
637.35 182.28
673.25995 182.28
689.63995 182.48999
704.97 182.28
720.3 190.26
704.55 197.4
681.44995 197.81999
652.26 198.03
637.76996 197.81999
621.38995 197.81999
599.76 198.03
579.6 198.03
560.27997 197.61
540.54 197.61
482.78998 197.81999
424.40997 198.23999
405.3 197.4
385.97998 197.61
27.509998 115.92
57.96 115.28999
73.29 115.5
89.04 115.92
104.78999 115.71
127.67999 115.5
142.8 115.28999
158.76 115.28999
174.29999 115.71
197.4 115.5
212.51999 115.71
228.9 115.5
244.01999 115.28999
264.38998 115.28999
279.93 115.28999
295.25998 115.28999
324.24 122.85
339.56998 122.64
354.9 122.64
362.87997 136.29
347.97 136.5
332.43 136.70999
316.68 136.29
296.31 136.29
280.77 136.08
265.22998 135.87
235.82999 136.08
212.31 136.29
197.81999 136.08
182.28 136.08
166.53 136.29
150.36 136.70999
135.45 136.29
120.119995 135.87
104.579994 135.87
88.619995 136.5
73.29 135.87
58.8 136.08
42.0 136.5
27.509998 136.29
30.66 151.83
50.19 151.40999
66.15 152.04
81.479996 151.83
96.81 152.04
112.14 151.40999
127.259995 151.83
143.43 151.2
158.54999 151.40999
174.29999 151.62
189.84 151.62
205.37999 151.40999
221.12999 151.62
239.81999 151.2
265.22998 151.83
280.35 151.62
295.25998 151.83
316.47 151.83
332.00998 150.98999
347.75998 152.04
363.72 159.18
347.12997 167.37
331.8 167.37
316.05 166.73999
233.73 166.95
208.73999 166.95
193.82999 166.73999
177.87 166.73999
162.54 167.15999
146.58 166.73999
131.45999 166.53
115.28999 167.37
100.38 167.58
84.63 166.73999
69.509995 166.73999
54.6 166.95
32.76 166.73999
36.75 182.48999
62.16 182.7
77.07 182.90999
93.03 182.28
108.78 182.28
123.479996 182.48999
139.65 182.48999
155.19 182.28
170.73 182.06999
186.48 182.48999
201.81 182.48999
230.79 181.86
280.35 182.28
316.25998 182.28
332.63998 182.48999
347.97 182.28
363.3 190.26
347.55 197.4
324.44998 197.81999
295.25998 198.03
280.77 197.81999
264.38998 197.81999
242.76 198.03
222.59999 198.03
203.28 197.61
183.54 197.61
125.78999 197.81999
67.409996 198.23999
48.3 197.4
28.98 197.61
